(0.0,[15.0,14.0,12.0,15.0,11.0,15.0,10.0,15.0,4.0,15.0,10.0,15.0,15.0,15.0,15.0,15.0,15.0,0.0,0.0,15.0,3.0,0.0,0.0,15.0,15.0,0.0,0.0,0.0,15.0,15.0,0.0,0.0,0.0,15.0,14.0,0.0,0.0,15.0,13.0,0.0,0.0,15.0,9.0,0.0,15.0,14.0,0.0,15.0,8.0,2.0])
(1.0,[0.0,6.0,7.0,15.0,13.0,1.0,0.0,0.0,5.0,0.0,0.0,0.0,0.0,0.0,0.0,0.0,0.0,12.0,15.0,0.0,0.0,15.0,15.0,0.0,0.0,15.0,15.0,12.0,0.0,0.0,15.0,15.0,9.0,0.0,0.0,15.0,15.0,0.0,0.0,15.0,10.0,0.0,0.0,12.0,0.0,0.0,5.0,0.0,0.0,0.0])
(1.0,[0.0,0.0,0.0,0.0,0.0,0.0,0.0,13.0,0.0,0.0,0.0,0.0,0.0,0.0,0.0,0.0,0.0,15.0,15.0,0.0,0.0,15.0,15.0,0.0,0.0,15.0,15.0,15.0,0.0,0.0,15.0,15.0,15.0,0.0,0.0,15.0,15.0,0.0,0.0,15.0,15.0,0.0,0.0,9.0,0.0,0.0,6.0,0.0,0.0,0.0])
(1.0,[0.0,0.0,0.0,0.0,0.0,0.0,0.0,1.0,0.0,0.0,0.0,0.0,0.0,0.0,0.0,0.0,0.0,15.0,8.0,0.0,0.0,15.0,8.0,0.0,0.0,11.0,15.0,10.0,0.0,0.0,11.0,15.0,15.0,0.0,0.0,7.0,15.0,0.0,0.0,5.0,15.0,0.0,0.0,4.0,0.0,0.0,0.0,0.0,0.0,0.0])
(1.0,[0.0,0.0,0.0,0.0,0.0,0.0,0.0,1.0,0.0,0.0,0.0,0.0,0.0,0.0,0.0,0.0,0.0,15.0,6.0,0.0,0.0,15.0,6.0,0.0,0.0,15.0,15.0,6.0,0.0,0.0,15.0,15.0,6.0,0.0,0.0,15.0,15.0,0.0,0.0,15.0,15.0,0.0,0.0,15.0,0.0,0.0,15.0,0.0,0.0,9.0])
(0.0,[11.0,15.0,15.0,15.0,6.0,15.0,15.0,15.0,6.0,15.0,15.0,15.0,15.0,15.0,15.0,15.0,15.0,6.0,12.0,12.0,7.0,2.0,1.0,11.0,15.0,0.0,0.0,0.0,11.0,15.0,0.0,0.0,0.0,15.0,15.0,0.0,0.0,15.0,7.0,0.0,0.0,15.0,5.0,0.0,15.0,15.0,0.0,15.0,13.0,5.0])
(1.0,[0.0,0.0,7.0,14.0,15.0,4.0,0.0,0.0,11.0,0.0,0.0,0.0,0.0,0.0,0.0,0.0,0.0,8.0,15.0,0.0,0.0,14.0,15.0,0.0,0.0,14.0,15.0,15.0,0.0,0.0,15.0,15.0,13.0,0.0,0.0,15.0,15.0,0.0,0.0,15.0,9.0,0.0,0.0,8.0,0.0,0.0,3.0,0.0,0.0,0.0])
(1.0,[15.0,10.0,5.0,0.0,0.0,0.0,0.0,6.0,0.0,0.0,0.0,6.0,0.0,0.0,14.0,0.0,0.0,2.0,15.0,0.0,1.0,2.0,15.0,0.0,0.0,0.0,1.0,14.0,0.0,0.0,0.0,0.0,12.0,0.0,0.0,0.0,0.0,0.0,0.0,0.0,0.0,0.0,0.0,2.0,0.0,2.0,15.0,0.0,0.0,0.0])
(0.0,[15.0,15.0,15.0,15.0,15.0,15.0,6.0,10.0,15.0,15.0,6.0,15.0,15.0,6.0,4.0,15.0,6.0,14.0,0.0,15.0,9.0,4.0,0.0,15.0,6.0,10.0,1.0,0.0,15.0,6.0,0.0,0.0,0.0,0.0,3.0,0.0,0.0,0.0,6.0,0.0,0.0,0.0,6.0,0.0,0.0,6.0,0.0,15.0,15.0,15.0])
(0.0,[15.0,15.0,15.0,4.0,15.0,14.0,4.0,15.0,15.0,15.0,6.0,9.0,15.0,11.0,5.0,15.0,15.0,0.0,0.0,15.0,15.0,0.0,0.0,15.0,15.0,0.0,0.0,0.0,15.0,13.0,0.0,0.0,0.0,11.0,15.0,0.0,0.0,7.0,15.0,0.0,0.0,13.0,15.0,0.0,10.0,15.0,9.0,15.0,6.0,4.0])
(1.0,[13.0,0.0,1.0,0.0,0.0,0.0,0.0,0.0,0.0,0.0,0.0,0.0,0.0,0.0,0.0,0.0,0.0,15.0,15.0,0.0,0.0,15.0,15.0,0.0,0.0,14.0,15.0,14.0,0.0,0.0,15.0,15.0,11.0,0.0,0.0,15.0,15.0,0.0,0.0,15.0,15.0,0.0,0.0,15.0,0.0,0.0,15.0,8.0,8.0,15.0])
(0.0,[15.0,15.0,15.0,15.0,15.0,15.0,15.0,15.0,15.0,15.0,15.0,15.0,15.0,15.0,15.0,15.0,15.0,0.0,0.0,15.0,7.0,0.0,0.0,15.0,15.0,0.0,0.0,0.0,15.0,15.0,0.0,0.0,0.0,15.0,9.0,0.0,0.0,15.0,9.0,0.0,0.0,15.0,9.0,0.0,15.0,9.0,0.0,15.0,15.0,15.0])
(0.0,[13.0,13.0,15.0,10.0,15.0,15.0,7.0,15.0,15.0,15.0,14.0,15.0,15.0,15.0,15.0,13.0,15.0,0.0,0.0,11.0,11.0,0.0,0.0,11.0,15.0,0.0,0.0,0.0,5.0,15.0,0.0,0.0,0.0,15.0,15.0,0.0,0.0,15.0,15.0,0.0,0.0,15.0,15.0,0.0,15.0,15.0,0.0,15.0,14.0,15.0])
(1.0,[0.0,10.0,15.0,2.0,8.0,0.0,0.0,0.0,1.0,0.0,0.0,0.0,0.0,0.0,0.0,0.0,0.0,14.0,15.0,0.0,0.0,15.0,15.0,0.0,0.0,15.0,15.0,13.0,0.0,0.0,15.0,15.0,7.0,0.0,0.0,15.0,9.0,0.0,0.0,14.0,3.0,0.0,0.0,10.0,0.0,0.0,1.0,11.0,4.0,0.0])
(0.0,[15.0,15.0,15.0,7.0,15.0,15.0,7.0,15.0,15.0,15.0,13.0,15.0,15.0,14.0,15.0,15.0,15.0,15.0,15.0,15.0,15.0,15.0,15.0,15.0,15.0,0.0,4.0,4.0,15.0,15.0,0.0,0.0,0.0,15.0,15.0,0.0,0.0,15.0,15.0,0.0,0.0,15.0,10.0,2.0,10.0,1.0,0.0,13.0,15.0,15.0])
(1.0,[0.0,0.0,0.0,0.0,13.0,0.0,0.0,0.0,13.0,0.0,0.0,0.0,0.0,0.0,0.0,0.0,0.0,15.0,15.0,0.0,0.0,15.0,15.0,0.0,0.0,15.0,15.0,14.0,0.0,0.0,15.0,15.0,12.0,0.0,0.0,15.0,15.0,0.0,0.0,15.0,11.0,0.0,0.0,15.0,0.0,0.0,15.0,13.0,6.0,0.0])
(0.0,[15.0,15.0,15.0,7.0,15.0,15.0,8.0,0.0,0.0,8.0,15.0,0.0,0.0,7.0,0.0,0.0,0.0,0.0,0.0,0.0,0.0,0.0,0.0,0.0,0.0,0.0,0.0,0.0,0.0,0.0,0.0,0.0,0.0,3.0,0.0,0.0,0.0,14.0,0.0,0.0,0.0,15.0,10.0,0.0,14.0,15.0,0.0,15.0,1.0,7.0])
(0.0,[15.0,15.0,15.0,3.0,8.0,0.0,0.0,15.0,15.0,5.0,0.0,15.0,15.0,5.0,11.0,15.0,5.0,1.0,0.0,15.0,15.0,0.0,0.0,15.0,12.0,0.0,0.0,0.0,15.0,7.0,0.0,0.0,0.0,1.0,13.0,0.0,0.0,1.0,13.0,0.0,0.0,9.0,15.0,0.0,3.0,13.0,0.0,15.0,15.0,15.0])
(1.0,[0.0,0.0,0.0,0.0,0.0,0.0,0.0,5.0,0.0,0.0,0.0,0.0,0.0,0.0,0.0,0.0,0.0,15.0,7.0,0.0,0.0,15.0,7.0,0.0,0.0,14.0,15.0,3.0,0.0,0.0,15.0,15.0,0.0,0.0,0.0,15.0,15.0,0.0,0.0,15.0,15.0,0.0,0.0,15.0,0.0,0.0,15.0,15.0,0.0,0.0])
(1.0,[0.0,0.0,0.0,0.0,0.0,0.0,0.0,0.0,0.0,0.0,0.0,0.0,0.0,0.0,0.0,0.0,0.0,15.0,12.0,0.0,0.0,15.0,12.0,0.0,0.0,7.0,15.0,11.0,0.0,0.0,10.0,15.0,7.0,0.0,0.0,13.0,15.0,0.0,0.0,13.0,15.0,0.0,0.0,14.0,0.0,0.0,15.0,12.0,6.0,13.0])
